==result==
K = 0.611290
T = 0.000000
u_offset = 0.701373

